sub	item	cond	sound	block	trialtype	ans1	corr_ans1	acc1	ans2	corr_ans2	acc2	Q1time	Q2time
1	25	1	Silence	easy	Prac	2	2	1	1	1	1	11.75035254	1.907576945
1	26	1	Silence	easy	Prac	1	1	1	2	2	1	19.02594734	1.455111102
1	2	1	Silence	easy	Exp	1	1	1	2	2	1	4.956386521	1.352326646
1	3	1	Silence	easy	Exp	1	1	1	1	1	1	3.723057204	2.328644825
1	1	1	Silence	easy	Exp	1	1	1	2	2	1	2.916824353	2.141465164
1	6	2	Noise	easy	Exp	1	1	1	1	1	1	7.750203577	0.78343249
1	4	2	Noise	easy	Exp	2	2	1	2	2	1	2.783733641	3.39990464
1	5	2	Noise	easy	Exp	1	1	1	2	2	1	5.150289436	1.299939624
1	9	3	Mandarin	easy	Exp	2	2	1	1	1	1	2.833447254	1.216852826
1	8	3	Mandarin	easy	Exp	1	1	1	1	1	1	12.23351816	1.783656814
1	7	3	Mandarin	easy	Exp	2	2	1	1	1	1	7.383457181	1.383920489
1	10	4	English	easy	Exp	2	2	1	1	1	1	19.10027409	1.583908291
1	11	4	English	easy	Exp	2	2	1	1	1	1	3.916819075	2.800379033
1	12	4	English	easy	Exp	1	1	1	2	2	1	2.450245481	7.70059846
1	27	5	Silence	difficult	Prac	3	3	1	2	2	1	4.500056447	9.683534916
1	28	5	Silence	difficult	Prac	3	3	1	2	2	1	3.86593546	4.799780251
1	13	5	Silence	difficult	Exp	2	2	1	3	3	1	25.35013678	3.750154607
1	15	5	Silence	difficult	Exp	4	4	1	0	2	0	11.86680109	60.05081646
1	14	5	Silence	difficult	Exp	3	3	1	2	2	1	6.616909361	6.650354974
1	16	6	Noise	difficult	Exp	1	1	1	4	4	1	10.66693644	5.849865391
1	18	6	Noise	difficult	Exp	1	1	1	2	2	1	10.19972682	3.317065332
1	17	6	Noise	difficult	Exp	3	3	1	2	2	1	13.46688384	5.383595586
1	19	7	Mandarin	difficult	Exp	4	4	1	1	1	1	23.18359078	14.28311741
1	21	7	Mandarin	difficult	Exp	2	2	1	3	3	1	9.481636113	6.83360648
1	20	7	Mandarin	difficult	Exp	3	3	1	4	4	1	22.66692119	18.28382352
1	24	8	English	difficult	Exp	1	1	1	2	2	1	6.483599017	11.7505622
1	22	8	English	difficult	Exp	2	2	1	2	2	1	6.100200777	8.416767026
1	23	8	English	difficult	Exp	3	3	1	3	3	1	8.833521736	3.733983373
2	25	1	Silence	easy	Prac	1	2	0	1	1	1	8.558829213	0.425738794
2	26	1	Silence	easy	Prac	1	1	1	1	2	0	0.683564826	0.368840083
2	2	2	Noise	easy	Exp	1	1	1	1	2	0	2.700177377	1.317105212
2	3	2	Noise	easy	Exp	1	1	1	1	1	1	0.417137673	0.467101708
2	1	2	Noise	easy	Exp	1	1	1	1	2	0	1.68349709	0.48365004
2	6	3	Mandarin	easy	Exp	1	1	1	1	1	1	0.649335401	0.51724872
2	5	3	Mandarin	easy	Exp	1	1	1	1	2	0	1.26689017	0.483881988
2	4	3	Mandarin	easy	Exp	1	2	0	1	2	0	1.350153786	0.550058896
2	7	4	English	easy	Exp	1	2	0	1	1	1	0.948304422	0.466780617
2	9	4	English	easy	Exp	1	2	0	1	1	1	1.600217051	2.683664526
2	8	4	English	easy	Exp	1	1	1	1	1	1	1.800196056	5.267037959
2	12	1	Silence	easy	Exp	1	1	1	1	2	0	1.6668429	8.433842592
2	11	1	Silence	easy	Exp	1	2	0	1	1	1	0.59906699	3.45079588
2	10	1	Silence	easy	Exp	1	2	0	1	1	1	1.116966982	0.649900169
2	27	5	Silence	difficult	Prac	1	3	0	1	2	0	2.450154285	4.883892192
2	28	5	Silence	difficult	Prac	1	3	0	1	2	0	0.566652973	0.384439512
2	15	6	Noise	difficult	Exp	1	4	0	1	2	0	1.683468939	2.683402962
2	14	6	Noise	difficult	Exp	1	3	0	1	2	0	0.581509348	0.417594237
2	13	6	Noise	difficult	Exp	1	2	0	1	3	0	1.933449512	0.350232373
2	16	7	Mandarin	difficult	Exp	1	1	1	1	4	0	2.05034993	0.416437138
2	17	7	Mandarin	difficult	Exp	1	3	0	1	2	0	2.933442182	0.667016201
2	18	7	Mandarin	difficult	Exp	1	1	1	1	2	0	7.100196378	0.700704318
2	19	8	English	difficult	Exp	0	4	0	0	1	0	60.04839201	60.05036752
2	21	8	English	difficult	Exp	1	2	0	1	3	0	0.716775266	4.533342541
2	20	8	English	difficult	Exp	1	3	0	1	4	0	3.917358038	1.166895242
2	23	5	Silence	difficult	Exp	1	3	0	1	3	0	13.23337829	0.800108672
2	22	5	Silence	difficult	Exp	1	2	0	1	2	0	1.233534286	0.684033707
2	24	5	Silence	difficult	Exp	1	1	1	1	2	0	1.11686259	0.666616817
3	25	1	Silence	easy	Prac	1	2	0	1	1	1	1.258442995	0.607184569
3	26	1	Silence	easy	Prac	1	1	1	1	2	0	0.833285683	0.675168382
3	3	3	Mandarin	easy	Exp	1	1	1	1	1	1	1.016868543	0.417088409
3	2	3	Mandarin	easy	Exp	1	1	1	1	2	0	0.750050216	0.600090668
3	1	3	Mandarin	easy	Exp	1	1	1	1	2	0	0.550111092	0.683433458
3	4	4	English	easy	Exp	1	2	0	1	2	0	0.650096928	0.666594531
3	5	4	English	easy	Exp	1	1	1	1	2	0	0.050011832	0.533753068
3	6	4	English	easy	Exp	1	1	1	1	1	1	0.633479099	0.716828048
3	7	1	Silence	easy	Exp	1	2	0	1	1	1	0.633379987	0.600401495
3	9	1	Silence	easy	Exp	1	2	0	1	1	1	0.500091636	0.434012961
3	8	1	Silence	easy	Exp	1	1	1	1	1	1	1.633678792	0.517213826
3	10	2	Noise	easy	Exp	1	2	0	1	1	1	0.514901387	0.367490623
3	12	2	Noise	easy	Exp	1	1	1	1	2	0	0.766849556	0.567087837
3	11	2	Noise	easy	Exp	1	2	0	1	1	1	0.700185001	0.63330316
3	27	5	Silence	difficult	Prac	1	3	0	1	2	0	0.650046785	0.366612096
3	28	5	Silence	difficult	Prac	1	3	0	1	2	0	0.716855025	0.399864761
3	14	7	Mandarin	difficult	Exp	1	3	0	1	2	0	0.667140532	0.400128378
3	15	7	Mandarin	difficult	Exp	1	4	0	1	2	0	1.516507426	0.500154974
3	13	7	Mandarin	difficult	Exp	1	2	0	1	3	0	0.683418503	0.733293688
3	17	8	English	difficult	Exp	1	3	0	1	2	0	0.600099172	0.617221069
3	16	8	English	difficult	Exp	1	1	1	1	4	0	1.833641375	0.599857547
3	18	8	English	difficult	Exp	1	1	1	1	2	0	1.13346781	0.616758639
3	20	5	Silence	difficult	Exp	1	3	0	1	4	0	0.600731969	0.600163683
3	19	5	Silence	difficult	Exp	1	4	0	1	1	1	0.433592757	0.500613591
3	21	5	Silence	difficult	Exp	1	2	0	1	3	0	0.716773213	0.566549168
3	24	6	Noise	difficult	Exp	1	1	1	1	2	0	0.800130371	0.750112088
3	22	6	Noise	difficult	Exp	1	2	0	1	2	0	0.600235818	0.650039748
3	23	6	Noise	difficult	Exp	1	3	0	1	3	0	0.548321195	0.316616098
4	25	1	Silence	easy	Prac	1	2	0	1	1	1	19.82010074	1.033938831
4	26	1	Silence	easy	Prac	1	1	1	1	2	0	0.603137949	0.535541498
4	1	4	English	easy	Exp	1	1	1	1	2	0	0.950350898	2.117160516
4	2	4	English	easy	Exp	1	1	1	1	2	0	0.564783023	0.700496708
4	3	4	English	easy	Exp	1	1	1	1	1	1	1.117296283	1.066449909
4	4	1	Silence	easy	Exp	1	2	0	1	2	0	1.983515593	0.500253793
4	6	1	Silence	easy	Exp	1	1	1	1	1	1	0.783677047	0.799953259
4	5	1	Silence	easy	Exp	1	1	1	1	2	0	0.500228283	0.48391395
4	7	2	Noise	easy	Exp	1	2	0	1	1	1	0.566880815	0.31706152
4	8	2	Noise	easy	Exp	1	1	1	1	1	1	0.600124096	0.533389458
4	9	2	Noise	easy	Exp	1	2	0	1	1	1	0.550333656	0.550229558
4	11	3	Mandarin	easy	Exp	1	2	0	1	1	1	0.515629779	0.583129463
4	12	3	Mandarin	easy	Exp	1	1	1	1	2	0	0.500168169	0.483838882
4	10	3	Mandarin	easy	Exp	1	2	0	1	1	1	0.617016685	0.567059981
4	27	5	Silence	difficult	Prac	1	3	0	1	2	0	0.481576587	0.317290535
4	28	5	Silence	difficult	Prac	1	3	0	1	2	0	0.733433267	1.366554035
4	15	8	English	difficult	Exp	1	4	0	1	2	0	0.58345935	0.467177362
4	14	8	English	difficult	Exp	1	3	0	1	2	0	0.666685434	0.666649072
4	13	8	English	difficult	Exp	1	2	0	1	3	0	0.600351352	0.533058984
4	18	5	Silence	difficult	Exp	1	1	1	1	2	0	0.633440686	0.566562657
4	17	5	Silence	difficult	Exp	1	3	0	1	2	0	0.666771058	0.733570207
4	16	5	Silence	difficult	Exp	1	1	1	1	4	0	0.600115299	0.567562876
4	21	6	Noise	difficult	Exp	1	2	0	1	3	0	0.648955664	0.38393867
4	20	6	Noise	difficult	Exp	1	3	0	1	4	0	1.533517308	0.450665977
4	19	6	Noise	difficult	Exp	1	4	0	1	1	1	0.716708115	0.817206817
4	23	7	Mandarin	difficult	Exp	1	3	0	1	3	0	0.700234264	0.633262693
4	22	7	Mandarin	difficult	Exp	1	2	0	1	2	0	0.916859541	2.050092471
4	24	7	Mandarin	difficult	Exp	1	1	1	1	2	0	1.466904948	0.834013488
5	27	5	Silence	difficult	Prac	1	3	0	1	2	0	0.550400513	0.383336075
5	28	5	Silence	difficult	Prac	1	3	0	1	2	0	2.241184452	0.36670857
5	2	5	Silence	difficult	Exp	1	1	1	1	2	0	1.242885792	0.316306151
5	3	5	Silence	difficult	Exp	1	4	0	1	3	0	6.749412433	0.425511538
5	1	5	Silence	difficult	Exp	1	4	0	1	3	0	1.573878829	0.768730062
5	4	6	Noise	difficult	Exp	1	2	0	1	4	0	1.250152115	0.867249145
5	6	6	Noise	difficult	Exp	1	2	0	1	3	0	0.833156954	0.566925094
5	5	6	Noise	difficult	Exp	1	1	1	1	1	1	0.833389487	2.567057048
5	9	7	Mandarin	difficult	Exp	1	4	0	1	1	1	1.616877106	2.450423766
5	7	7	Mandarin	difficult	Exp	1	3	0	1	2	0	1.15002406	4.850653016
5	8	7	Mandarin	difficult	Exp	1	3	0	1	2	0	0.550142467	0.416859101
5	10	8	English	difficult	Exp	1	3	0	1	2	0	0.731907574	0.650468749
5	11	8	English	difficult	Exp	1	2	0	1	2	0	0.666574885	0.833510593
5	12	8	English	difficult	Exp	1	4	0	1	2	0	0.700204648	1.66687193
5	25	1	Silence	easy	Prac	1	2	0	1	1	1	0.73155628	0.800165853
5	26	1	Silence	easy	Prac	1	1	1	1	2	0	2.133449043	3.500140898
5	14	1	Silence	easy	Exp	1	2	0	1	2	0	0.6668819	0.750399457
5	15	1	Silence	easy	Exp	1	2	0	1	1	1	0.833367788	0.416703394
5	13	1	Silence	easy	Exp	1	1	1	1	2	0	0.56677701	0.583877502
5	17	2	Noise	easy	Exp	1	1	1	1	2	0	0.598196673	0.417168463
5	18	2	Noise	easy	Exp	1	2	0	1	1	1	0.68356512	0.551240626
5	16	2	Noise	easy	Exp	1	2	0	1	1	1	0.483597844	0.683803812
5	19	3	Mandarin	easy	Exp	1	2	0	1	1	1	0.516719434	1.916925518
5	21	3	Mandarin	easy	Exp	1	1	1	1	2	0	3.183478762	0.916510007
5	20	3	Mandarin	easy	Exp	1	2	0	1	2	0	1.132915945	0.500041493
5	22	4	English	easy	Exp	1	1	1	1	2	0	2.900127938	0.617342174
5	24	4	English	easy	Exp	1	2	0	1	1	1	2.050162554	9.667244337
5	23	4	English	easy	Exp	1	1	1	1	2	0	1.966744403	3.566839763
6	27	5	Silence	difficult	Prac	1	3	0	1	2	0	7.872528519	0.55034128
6	28	5	Silence	difficult	Prac	1	3	0	1	2	0	4.440668185	1.050132351
6	2	6	Noise	difficult	Exp	1	1	1	1	2	0	1.51548932	1.750024998
6	3	6	Noise	difficult	Exp	1	4	0	1	3	0	3.083386775	0.766874774
6	1	6	Noise	difficult	Exp	1	4	0	1	3	0	0.516964284	0.549914918
6	6	7	Mandarin	difficult	Exp	1	2	0	1	3	0	1.548347	0.383292383
6	4	7	Mandarin	difficult	Exp	1	2	0	1	4	0	1.700223708	0.517325841
6	5	7	Mandarin	difficult	Exp	1	1	1	1	1	1	0.516938479	0.533330225
6	7	8	English	difficult	Exp	1	3	0	1	2	0	2.966740591	6.099972642
6	8	8	English	difficult	Exp	1	3	0	1	2	0	0.917006158	0.350457869
6	9	8	English	difficult	Exp	1	4	0	1	1	1	0.63171794	0.567493966
6	12	5	Silence	difficult	Exp	1	4	0	1	2	0	0.950258529	0.383999369
6	10	5	Silence	difficult	Exp	1	3	0	1	2	0	1.216684217	0.501062824
6	11	5	Silence	difficult	Exp	1	2	0	1	2	0	0.616790308	0.499952936
6	25	1	Silence	easy	Prac	1	2	0	1	1	1	1.716885814	0.450134052
6	26	1	Silence	easy	Prac	1	1	1	1	2	0	0.650184312	0.866782905
6	13	2	Noise	easy	Exp	1	1	1	1	2	0	3.750184224	0.483959988
6	15	2	Noise	easy	Exp	1	2	0	1	1	1	1.583473425	0.467302279
6	14	2	Noise	easy	Exp	1	2	0	1	2	0	0.814859777	0.500964005
6	17	3	Mandarin	easy	Exp	1	1	1	1	2	0	3.667450186	3.416349168
6	18	3	Mandarin	easy	Exp	1	2	0	1	1	1	1.966788975	0.516833795
6	16	3	Mandarin	easy	Exp	1	2	0	1	1	1	1.666839381	0.517453984
6	19	4	English	easy	Exp	1	2	0	1	1	1	1.517082457	0.617046595
6	20	4	English	easy	Exp	1	2	0	1	2	0	4.133473675	0.700613415
6	21	4	English	easy	Exp	1	1	1	1	2	0	3.933503174	0.466553948
6	24	1	Silence	easy	Exp	1	2	0	1	1	1	0.683382729	0.567432093
6	22	1	Silence	easy	Exp	1	1	1	1	2	0	4.000246023	0.049965501
6	23	1	Silence	easy	Exp	1	1	1	1	2	0	3.182677942	0.433225336
7	27	5	Silence	difficult	Prac	1	3	0	1	2	0	9.216847254	0.416704861
7	28	5	Silence	difficult	Prac	1	3	0	1	2	0	0.65016144	0.503683744
7	3	7	Mandarin	difficult	Exp	1	4	0	1	3	0	0.699962143	0.483289363
7	2	7	Mandarin	difficult	Exp	1	1	1	1	2	0	0.900134975	0.767470038
7	1	7	Mandarin	difficult	Exp	1	4	0	1	3	0	0.583356719	4.45029621
7	4	8	English	difficult	Exp	1	2	0	1	4	0	0.683477149	0.850438956
7	5	8	English	difficult	Exp	1	1	1	1	1	1	0.599950502	0.750579796
7	6	8	English	difficult	Exp	1	2	0	1	3	0	0.950031566	1.200190132
7	9	5	Silence	difficult	Exp	1	4	0	1	1	1	0.550126633	0.500745839
7	7	5	Silence	difficult	Exp	1	3	0	1	2	0	0.49869174	1.050413855
7	8	5	Silence	difficult	Exp	1	3	0	1	2	0	0.633529829	0.433278411
7	10	6	Noise	difficult	Exp	1	3	0	1	2	0	0.700367099	0.833366909
7	11	6	Noise	difficult	Exp	1	2	0	1	2	0	0.916876256	0.483883454
7	12	6	Noise	difficult	Exp	1	4	0	1	2	0	0.63342925	0.616752775
7	25	1	Silence	easy	Prac	1	2	0	1	1	1	0.683663939	0.717019822
7	26	1	Silence	easy	Prac	1	1	1	1	2	0	0.566429529	0.600763931
7	15	3	Mandarin	easy	Exp	1	2	0	1	1	1	0.633460626	0.417543215
7	14	3	Mandarin	easy	Exp	1	2	0	1	2	0	1.64967086	0.467471182
7	13	3	Mandarin	easy	Exp	1	1	1	1	2	0	0.766758361	0.616980031
7	17	4	English	easy	Exp	1	1	1	1	2	0	0.583509493	0.51734754
7	16	4	English	easy	Exp	1	2	0	1	1	1	0.600051961	0.600548699
7	18	4	English	easy	Exp	1	2	0	1	1	1	5.116763771	0.983619984
7	20	1	Silence	easy	Exp	1	2	0	1	2	0	0.649626875	0.667255479
7	21	1	Silence	easy	Exp	1	1	1	1	2	0	1.883443545	1.183969635
7	19	1	Silence	easy	Exp	1	2	0	1	1	1	0.550143933	0.40058025
7	22	2	Noise	easy	Exp	1	1	1	1	2	0	0.51667281	0.35011596
7	24	2	Noise	easy	Exp	1	2	0	1	1	1	0.73336641	0.150812271
7	23	2	Noise	easy	Exp	1	1	1	1	2	0	0.817016508	0.450287412
8	27	5	Silence	difficult	Prac	1	3	0	1	2	0	0.450221142	0.416769372
8	28	5	Silence	difficult	Prac	1	3	0	1	2	0	0.607174013	0.472445593
8	2	8	English	difficult	Exp	1	1	1	1	2	0	0.683458383	0.649954124
8	1	8	English	difficult	Exp	1	4	0	1	3	0	0.816775178	0.666581043
8	3	8	English	difficult	Exp	1	4	0	1	3	0	0.583407741	0.401264071
8	4	5	Silence	difficult	Exp	1	2	0	1	4	0	0.633581438	0.533454263
8	5	5	Silence	difficult	Exp	1	1	1	1	1	1	0.549943655	0.91701994
8	6	5	Silence	difficult	Exp	1	2	0	1	3	0	0.516798607	0.483530694
8	9	6	Noise	difficult	Exp	1	4	0	1	1	1	0.566378799	0.417120665
8	7	6	Noise	difficult	Exp	1	3	0	1	2	0	0.666944358	0.383064834
8	8	6	Noise	difficult	Exp	1	3	0	1	2	0	0.566889612	0.617435422
8	11	7	Mandarin	difficult	Exp	1	2	0	1	2	0	0.864961046	0.933340136
8	12	7	Mandarin	difficult	Exp	1	4	0	1	2	0	0.500194854	0.783927468
8	10	7	Mandarin	difficult	Exp	1	3	0	1	2	0	0.700345693	0.549928993
8	25	1	Silence	easy	Prac	1	2	0	1	1	1	0.73340453	0.367177743
8	26	1	Silence	easy	Prac	1	1	1	1	2	0	0.566793724	0.500353493
8	13	4	English	easy	Exp	1	1	1	1	2	0	0.566849146	0.699960384
8	15	4	English	easy	Exp	1	2	0	1	1	1	0.700168873	0.517167201
8	14	4	English	easy	Exp	1	2	0	1	2	0	2.350036493	0.434177464
8	16	1	Silence	easy	Exp	1	2	0	1	1	1	2.348194988	0.400626288
8	18	1	Silence	easy	Exp	1	2	0	1	1	1	0.550269437	0.800713026
8	17	1	Silence	easy	Exp	1	1	1	1	2	0	0.650137395	0.616598241
8	21	2	Noise	easy	Exp	1	1	1	1	2	0	0.516700667	3.483562363
8	19	2	Noise	easy	Exp	1	2	0	1	1	1	0.533418488	0.833721428
8	20	2	Noise	easy	Exp	1	2	0	1	2	0	0.966384898	0.6674669
8	23	3	Mandarin	easy	Exp	1	1	1	1	2	0	0.800120988	1.016685565
8	22	3	Mandarin	easy	Exp	1	1	1	1	2	0	1.116803651	0.733182553
8	24	3	Mandarin	easy	Exp	1	2	0	1	1	1	1.550199355	0.716403153
